Logistic regression accuracy is --> 73.5574 %

     Actual  Predicted
0         7        -50
1       -50        -50
2         0        -50
3         4        -50
4         7        -50
5         7        -50
6       -50        -50
7       -50        -50
8       -50        -50
9       -50        -50
10      -50        -50
11      -50        -50
12        5        -50
13        4        -50
14        3        -50
15        2        -50
16        2        -50
17        1        -50
18        2        -50
19      -50        -50
20      -50        -50
21      -50        -50
22      -50        -50
23       10          2
24        2        -50
25        4        -50
26        4        -50
27      -50        -50
28        5        -50
29      -50        -50
30      -50        -50
31        3        -50
32        2          5
33        7        -50
34       12        -50
35      -50          2
36      -50          2
37      -50        -50
38      -50        -50
39      -50        -50
40      -50          2
41        2          5
42        6          5
43        5        -50
44        5          2
45      -50        -50
46      -50        -50
47        2        -50
48        4        -50
49        0        -50
50      -50        -50
51        5          2
52       16        -50
53        3          2
54        3        -50
55        2        -50
56      -50        -50
57        3        -50
58      -50        -50
59        2        -50
60        2        -50
61      -50        -50
62        6        -50
63        5        -50
64        5          2
65        5        -50
66        2        -50
67      -50          2
68        3        -50
69        3          2
70      -50        -50
71        2        -50
72      -50        -50
73      -50        -50
74       10          9
75        1          4
76      -50          2
77        3          2
78      -50        -50
79        2          2
80      -50        -50
81        5        -50
82        4        -50
83      -50        -50
84      -50        -50
85      -50          2
86        5        -50
87      -50        -50
88        2        -50
89      -50        -50
90       11          2
91        8          2
92        3          2
93        4          2
94      -50        -50
95      -50        -50
96      -50        -50
97       -4          2
98        4          2
99       11          2
100       4          2
101       2        -50
102     -50        -50
103     -50        -50
104     -50        -50
105       2        -50
106     -50        -50
107     -50        -50
108      -2          2
109      -4        -50
110       2        -50
111       5        -50
112     -50        -50
113       2        -50
114     -50        -50
115     -50        -50
116     -50        -50
117       2          2
118       5        -50
119       0          2
120       2        -50
121       1        -50
122      -1        -50
123     -50          2
124     -50        -50
125     -50          2
126       3        -50
127       2        -50
128     -50        -50
129     -50          2
130       3        -50
131     -50        -50
132     -50        -50
133       3        -50
134     -50        -50
135     -50        -50
136     -50        -50
137       1        -50
138       1        -50
139     -50        -50
140       4        -50
141     -50        -50
142       1        -50
143     -50        -50
144       2        -50
145       2        -50
146       4        -50
147       2        -50
148       1        -50
149       0        -50
150       1        -50
151     -50        -50
152     -50        -50
153     -50        -50
154     -50        -50
155     -50        -50
156     -50        -50
157       9        -50
158       5        -50
159       1        -50
160       2        -50
161     -50        -50
162     -50        -50
163       9        -50
164     -50        -50
165       7        -50
166       5        -50
167      10        -50
168     -50        -50
169       5        -50
170       4        -50
171     -50        -50
172       5        -50
173       2        -50
174       2        -50
175       6        -50
176       4        -50
177       4        -50
178     -50        -50
179     -50        -50
180     -50        -50
181     -50        -50
182     -50        -50
183       4          2
184     -50        -50
185       2        -50
186       2        -50
187       1        -50
188     -50        -50
189       2        -50
190      10        -50
191       4        -50
192       2        -50
193     -50        -50
194       4        -50
195     -50        -50
196       2        -50
197     -50        -50
198     -50        -50
199       2        -50
200      11        -50
201       4        -50
202       4        -50
203       0        -50
204     -50        -50
205     -50        -50
206     -50        -50
207     -50        -50
208     -50        -50
209       5        -50
210       2        -50
211       2        -50
212       4        -50
213       3        -50
214     -50        -50
215     -50        -50
216       6        -50
217       4        -50
218       5        -50
219     -50        -50
220       6        -50
221     -50        -50
222     -50        -50
223     -50        -50
224     -50        -50
225     -50        -50
226       3          5
227       2          2
228       5        -50
229       4        -50
230       1        -50
231       0        -50
232       4        -50
233       2        -50
234     -50        -50
235     -50        -50
236     -50        -50
237     -50        -50
238       3          5
239       2        -50
240       2        -50
241     -50        -50
242       4        -50
243     -50        -50
244     -50        -50
245     -50        -50
246       2        -50
247       4        -50
248     -50        -50
249     -50        -50
250       5        -50
251     -50        -50
252       2        -50
253      -1        -50
254     -50        -50
255       4        -50
256       5        -50
257       8        -50
258     -50        -50
259     -50        -50
260     -50        -50
261     -50        -50
262     -50        -50
263       4          2
264       5        -50
265       2        -50
266       4        -50
267     -50        -50
268     -50        -50
269       2        -50
270     -50        -50
271       6        -50
272       5        -50
273       8        -50
274     -50        -50
275     -50        -50
276       8        -50
277     -50        -50
278       0        -50
279      10          2
280       6          2
281      -1        -50
282       2        -50
283       2        -50
284       0        -50
285     -50        -50
286     -50        -50
287       7        -50
288       0        -50
289     -50        -50
290     -50        -50
291     -50        -50
292     -50        -50
293      10        -50
294       4          2
295     -50        -50
296      10        -50
297     -50        -50
298     -50        -50
299       6        -50
300      10        -50
301       8        -50
302     -50        -50
303       9        -50
304       2        -50
305     -50        -50
306     -50        -50
307       0        -50
308     -50        -50
309       3          2
310       5        -50
311     -50        -50
312       2        -50
313       2        -50
314       3        -50
315       1        -50
316       3        -50
317     -50        -50
318     -50        -50
319      11         14
320       1        -50
321     -50        -50
322     -50        -50
323     -50        -50
324       2        -50
325     -50        -50
326      12        -50
327       2        -50
328       2        -50
329     -50        -50
330       2        -50
331       1        -50
332     -50        -50
333     -50        -50
334       4         14
335       6          2
336       0        -50
337       4        -50
338       2        -50
339       4        -50
340     -50        -50
341       3        -50
342     -50        -50
343     -50        -50
344     -50        -50
345       3          2
346       2        -50
347       2        -50
348     -50        -50
349      10        -50
350     -50        -50
351     -50        -50
352       7        -50
353       6          2
354       6        -50
355       2        -50
356     -50        -50
357     -50        -50
358     -50        -50
359     -50        -50
360     -50        -50
361       1        -50
362       5          2
363       3        -50
364       3        -50
365       3          2
366       2        -50
367       2        -50
368       2        -50
369     -50        -50
370       0        -50
371     -50        -50
372     -50        -50
373     -50        -50
374       3        -50
375       1        -50
376     -50          2
377     -50        -50
378       2          2
379     -50        -50
380      15          2
381       3          2
382     -50          2
383       5        -50
384     -50        -50
385       6        -50
386       0        -50
387     -50        -50
388     -50        -50
389       8          5
390       6          5
391      17          2
392       7          2
393       2        -50
394       0        -50
395       6          2
396       4          2
397     -50          2
398     -50        -50
399     -50        -50
400     -50        -50
401     -50        -50
402       3        -50
403     -50        -50
404       6        -50
405       2        -50
406     -50        -50
407       4        -50
408       5        -50
409     -50        -50
410       2        -50
411     -50        -50
412      14          5
413      12          2
414       1        -50
415       5        -50
416       2          2
417     -50        -50
418       2        -50
419       5        -50
420     -50        -50
421       2        -50
422     -50        -50
423     -50        -50
424     -50        -50
425     -50        -50
426      11          2
427     -50        -50
428     -50        -50
429       2        -50
430     -50        -50
431     -50          2
432       1        -50
433     -50        -50
434     -50        -50
435     -50        -50
436     -50        -50
437       6        -50
438       3        -50
439       4        -50
440       2        -50
441       4        -50
442     -50        -50
443       3        -50
444     -50        -50
445       2        -50
446       4        -50
447       6        -50
448       4        -50
449       0        -50
450     -50        -50
451     -50        -50
452     -50        -50
453       2        -50
454       3        -50
455       4        -50
456       1        -50
457     -50        -50
458       7        -50
459     -50        -50
460       6        -50
461     -50        -50
462     -50        -50
463       4          6
464       1        -50
465      -7        -50
466     -50        -50
467     -50        -50
468       2        -50
469       2        -50
470       2        -50
471       2          2
472     -50        -50
473       2        -50
474     -50        -50
475      -6        -50
476       3        -50
477     -50        -50
478       2        -50
479       9        -50
480       4        -50
481     -50        -50
482     -50        -50
483       0        -50
484     -50        -50
485       9        -50
486     -50        -50
487     -50        -50
488      11          2
489       5        -50
490     -50        -50
491       7        -50
492     -50        -50
493     -50        -50
494       2        -50
495       5        -50
496     -50        -50
497     -50        -50
498     -50        -50
499       4        -50
500      10        -50
501       9        -50
502      12        -50
503       6          2
504       4        -50
505       6        -50
506     -50        -50
507     -50        -50
508     -50        -50
509     -50          2
510       2        -50
511       1        -50
512     -50        -50
513      11          2
514     -50        -50
515       8          9
516     -50          2
517     -50        -50
518       4        -50
519     -50        -50
520     -50        -50
521       6        -50
522       3        -50
523       6        -50
524       6          9
525       5        -50
526       6        -50
527       4        -50
528       3        -50
529       2        -50
530     -50        -50
531       2        -50
532       2        -50
533     -50        -50
534     -50        -50
535     -50        -50
536     -50        -50
537       2        -50
538       2          2
539     -50        -50