Logistic regression accuracy is --> 68.2209 %

     Actual  Predicted
0         7        -50
1       -50        -50
2         0        -50
3         4        -50
4         7        -50
5         7        -50
6       -50        -50
7       -50        -50
8       -50        -50
9         5        -50
10        4        -50
11        3        -50
12        2        -50
13        2        -50
14        1        -50
15        2        -50
16      -50        -50
17      -50        -50
18       10          2
19        2        -50
20        4        -50
21        4        -50
22        5          2
23        3          2
24        2          5
25        7        -50
26       12        -50
27      -50          2
28      -50          2
29      -50        -50
30      -50          2
31        2         14
32        6          5
33        5          2
34        5          2
35      -50        -50
36      -50        -50
37        2        -50
38        4        -50
39        0        -50
40        5          2
41       16        -50
42        3          6
43        3        -50
44        2          2
45      -50        -50
46        3        -50
47      -50          2
48        2        -50
49        2        -50
50        6        -50
51        5        -50
52        5          2
53        5        -50
54        2        -50
55      -50          2
56        3        -50
57        3          2
58      -50        -50
59        2        -50
60      -50        -50
61       10          9
62        1         -6
63      -50          2
64        3          2
65      -50        -50
66        2          5
67        5        -50
68        4          6
69      -50        -50
70      -50        -50
71      -50          2
72        5        -50
73        2        -50
74      -50        -50
75       11          2
76        8          2
77        3          2
78        4          2
79      -50        -50
80       -4          2
81        4          2
82       11          2
83        4          2
84        2        -50
85        2        -50
86      -50        -50
87       -2          2
88       -4        -50
89        2        -50
90        5        -50
91      -50        -50
92        2        -50
93      -50        -50
94        2          2
95        5          2
96        0          2
97        2        -50
98        1        -50
99       -1        -50
100     -50          2
101     -50        -50
102     -50          2
103       3        -50
104       2        -50
105     -50          4
106       3        -50
107       3        -50
108     -50        -50
109     -50        -50
110       1        -50
111       1        -50
112     -50        -50
113       4        -50
114     -50        -50
115       1        -50
116     -50        -50
117       2        -50
118       2        -50
119       4        -50
120       2        -50
121       1        -50
122       0        -50
123       1        -50
124     -50        -50
125       9        -50
126       5        -50
127       1        -50
128       2        -50
129       9        -50
130       7        -50
131       5        -50
132      10        -50
133     -50        -50
134       5        -50
135       4        -50
136       5        -50
137       2        -50
138       2        -50
139       6        -50
140       4        -50
141       4        -50
142     -50        -50
143     -50        -50
144       4          9
145     -50        -50
146       2        -50
147       2        -50
148       1        -50
149       2        -50
150      10        -50
151       4        -50
152       2        -50
153     -50        -50
154       4        -50
155     -50        -50
156       2        -50
157       2        -50
158      11        -50
159       4        -50
160       4        -50
161       0        -50
162     -50        -50
163     -50        -50
164     -50        -50
165       5          2
166       2        -50
167       2        -50
168       4        -50
169       3        -50
170       6        -50
171       4        -50
172       5        -50
173     -50          2
174       6        -50
175     -50        -50
176     -50        -50
177       3          5
178       2          2
179       5        -50
180       4        -50
181       1        -50
182       0        -50
183       4        -50
184       2        -50
185     -50        -50
186       3          9
187       2        -50
188       2        -50
189       4          2
190     -50        -50
191       2        -50
192       4        -50
193     -50        -50
194     -50        -50
195       5        -50
196     -50        -50
197       2        -50
198      -1        -50
199       4        -50
200       5        -50
201       8          2
202     -50        -50
203     -50        -50
204     -50        -50
205       4          2
206       5        -50
207       2        -50
208       4        -50
209     -50        -50
210     -50        -50
211       2        -50
212       6        -50
213       5          5
214       8        -50
215     -50        -50
216     -50        -50
217       8        -50
218       0        -50
219      10          2
220       6          2
221      -1        -50
222       2        -50
223       2        -50
224       0        -50
225     -50        -50
226       7        -50
227       0        -50
228      10        -50
229       4          2
230     -50        -50
231      10        -50
232       6        -50
233      10        -50
234       8        -50
235     -50        -50
236       9        -50
237       2        -50
238     -50        -50
239       0        -50
240       3          2
241       5        -50
242     -50        -50
243       2        -50
244       2        -50
245       3        -50
246       1        -50
247       3        -50
248      11         14
249       1        -50
250     -50        -50
251     -50        -50
252       2        -50
253      12          2
254       2        -50
255       2        -50
256     -50        -50
257       2        -50
258       1        -50
259       4         14
260       6          2
261       0        -50
262       4        -50
263       2        -50
264       4        -50
265     -50        -50
266       3        -50
267     -50        -50
268       3          5
269       2        -50
270       2        -50
271      10        -50
272       7          2
273       6          2
274       6        -50
275       2        -50
276     -50        -50
277     -50        -50
278       1        -50
279       5          2
280       3        -50
281       3        -50
282       3          2
283       2        -50
284       2        -50
285       2        -50
286       0        -50
287     -50        -50
288       3        -50
289       1        -50
290       2          2
291     -50        -50
292      15          2
293       3          2
294     -50          2
295       5        -50
296     -50        -50
297       6        -50
298       0        -50
299       8          5
300       6          5
301      17          2
302       7          2
303       2        -50
304       6          2
305       4          2
306     -50          2
307     -50        -50
308     -50        -50
309       3          2
310       6          2
311       2        -50
312     -50        -50
313       4        -50
314       5        -50
315     -50        -50
316       2        -50
317      14          5
318      12          2
319       1          2
320       5        -50
321       2          4
322     -50        -50
323       2        -50
324       5        -50
325     -50        -50
326       2        -50
327     -50        -50
328      11          2
329       2        -50
330     -50        -50
331       1        -50
332     -50        -50
333     -50        -50
334     -50        -50
335       6        -50
336       3        -50
337       4        -50
338       2        -50
339       4        -50
340       3        -50
341     -50        -50
342       2        -50
343       4        -50
344       6        -50
345       4        -50
346       0        -50
347     -50        -50
348       2          2
349       3        -50
350       4        -50
351       1        -50
352       7        -50
353     -50        -50
354       6        -50
355     -50        -50
356     -50        -50
357       4          2
358       1        -50
359      -7        -50
360     -50        -50
361     -50        -50
362       2        -50
363       2        -50
364       2        -50
365       2         -6
366     -50        -50
367       2        -50
368      -6        -50
369       3        -50
370       2        -50
371       9        -50
372       4        -50
373     -50        -50
374     -50        -50
375       0        -50
376       9        -50
377      11          2
378       5        -50
379     -50        -50
380       7        -50
381     -50        -50
382     -50          2
383       2        -50
384       5        -50
385     -50        -50
386       4        -50
387      10          2
388       9        -50
389      12        -50
390       6          2
391       4        -50
392       6        -50
393     -50        -50
394     -50          2
395       2        -50
396       1        -50
397      11          5
398       8          9
399     -50          2
400     -50        -50
401       4          2
402     -50        -50
403     -50        -50
404       6        -50
405       3        -50
406       6        -50
407       6          9
408       5        -50
409       6        -50
410       4        -50
411       3        -50
412       2        -50
413     -50        -50
414       2        -50
415       2        -50
416     -50        -50
417     -50        -50
418     -50        -50
419       2        -50
420       2          2